4.567021620940246718e-02
7.052439001347773906e-02
4.370824490607954499e-02
2.443455412948491445e-01
4.018336622002187386e-02
2.684117902816177126e-02
8.391548598845263718e-02
1.870456709427088110e-02
2.215679990903761110e-01
5.949885907511581751e-02
4.449580173469896982e-02
2.034457251911035158e-01
5.267093360631318333e-02
1.016291445345482089e-02
3.304880068203512600e-02
1.227196619401529631e-01
1.370670649171278760e-02
8.636466052363286211e-03
8.771157865362205416e-03
2.072597916826773579e-01
6.658932154242677703e-02
1.367933093449800186e-01
6.135975469083054801e-02
2.390183152197343786e-01
5.335987239854361047e-02
9.852477305930959495e-03
4.383609210928908484e-02
1.447582037276310962e-01
1.473309714730896072e-02
5.978116145235709555e-02
1.904700670964164927e-02
3.534820622381810995e-02
5.048779787346195647e-02
2.938887297041798546e-02
3.084429800069837802e-02
6.873475549402893736e-02
4.947004751798234068e-02
2.362622190247228304e-01
4.066357337579475095e-02
7.346543965248458763e-02
8.137083936469538537e-02
2.778519556257556117e-02
1.806925727515603097e-01
9.908231405934103675e-02
4.692819423271704649e-02
2.507211194011241817e-01
4.493694214009004428e-02
1.757786301167952453e-02
4.531382652646707976e-02
1.107518583394324907e-01
1.686495278539606318e-02
1.054687427494579652e-02
6.658562677381565584e-03
2.584755943555582802e-01
8.919550295464478973e-02
1.443546581121776251e-01
7.667903585398688771e-02
2.257675008396069494e-01
5.027150407505287522e-02
1.053897541577081091e-02
3.403302097079421995e-02
9.189823383166101367e-02
1.782026958902355879e-02
5.595524669599630241e-02
2.003026713498316791e-02
3.380787949235020129e-02
4.220523364633211455e-02
3.384314822271794476e-02
