1.493244022130966187e-01
1.137046515941619873e-01
1.344654411077499390e-01
1.657026410102844238e-01
1.392350792884826660e-01
1.079088300466537476e-01
9.705068171024322510e-02
1.136457324028015137e-01
9.740284085273742676e-02
1.116469502449035645e-01
9.301479160785675049e-02
1.296687871217727661e-01
8.554507791996002197e-02
1.037740707397460938e-01
1.363474428653717041e-01
1.379232704639434814e-01
1.096557602286338806e-01
1.271246671676635742e-01
1.002210304141044617e-01
1.236520111560821533e-01
9.017273783683776855e-02
9.857286512851715088e-02
8.674909174442291260e-02
8.154243975877761841e-02
1.459321081638336182e-01
1.019828170537948608e-01
7.588534057140350342e-02
8.056887984275817871e-02
8.403111994266510010e-02
8.947534114122390747e-02
2.224581390619277954e-01
1.039648503065109253e-01
2.158001959323883057e-01
7.080453634262084961e-02
1.489884555339813232e-01
1.138492673635482788e-01
1.321358680725097656e-01
1.655084788799285889e-01
1.391378790140151978e-01
1.091476529836654663e-01
9.567120671272277832e-02
1.122577041387557983e-01
9.945544600486755371e-02
1.071626693010330200e-01
9.531904011964797974e-02
1.278288066387176514e-01
8.468836545944213867e-02
1.018766239285469055e-01
1.358446776866912842e-01
1.385046541690826416e-01
1.080496087670326233e-01
1.251070946455001831e-01
9.847955405712127686e-02
1.239155232906341553e-01
9.117044508457183838e-02
9.810403734445571899e-02
8.424585312604904175e-02
8.156931400299072266e-02
1.437648236751556396e-01
1.015643253922462463e-01
7.580196857452392578e-02
7.793140411376953125e-02
8.409710228443145752e-02
8.894915878772735596e-02
2.219351232051849365e-01
1.028636768460273743e-01
2.168174684047698975e-01
6.889940798282623291e-02
