1.416830756489659837e-01
1.171242965945598069e-01
1.381993146287635310e-01
1.638485402262511159e-01
1.427314829826098197e-01
1.116218301209360997e-01
9.976722972999975403e-02
1.111388979995227289e-01
9.885388174535897354e-02
1.118095780023487945e-01
9.242136761628161334e-02
1.271235239635229441e-01
9.442184998139677155e-02
1.010237896580166717e-01
1.418183445106583340e-01
1.348851835080178141e-01
1.123805793813040937e-01
1.256965191836913465e-01
1.059400923496353064e-01
1.230683786983187145e-01
9.065442890407604537e-02
1.018692545751167106e-01
8.860026189797329255e-02
8.461392212824556114e-02
1.449995148515183518e-01
1.032490556508763174e-01
7.867922293011063439e-02
8.399477531804667996e-02
8.446756636456154155e-02
9.307624631087928202e-02
2.043157516776664406e-01
1.041258122257461699e-01
1.998324922517535351e-01
7.412969069584282589e-02
1.460246917853267878e-01
1.161787793488285592e-01
1.348315167307254925e-01
1.663503411605574689e-01
1.395036743648240263e-01
1.112168176484957388e-01
9.730225664785230322e-02
1.113710699723231556e-01
1.040893326075486569e-01
1.095097105332773768e-01
9.089032023751525413e-02
1.265529630747538881e-01
9.211939934198272451e-02
1.044521441671209527e-01
1.378394070735884935e-01
1.362869737345194787e-01
1.087967895230675386e-01
1.264530035514474515e-01
1.045509027725576301e-01
1.254133347690133959e-01
8.958857910381992640e-02
1.024137101715073273e-01
8.701076484803184352e-02
8.447536795544577370e-02
1.456852995864635347e-01
1.034848684418445963e-01
7.927155278957437323e-02
7.984997310819148819e-02
8.526178373833258328e-02
8.957183853559366749e-02
2.015935263482616091e-01
1.032382275398440186e-01
2.006236449246858455e-01
7.159458916952866903e-02
